665738
732950
1110732
885704
599573
1044891
468244
519192
838829
522302
842418
191407
776215
1091178
665744
847288
1210200
348772
355641
97925
1165481
373594
836640
575594
868636
882910
146143
240708
667970
330726
800363
273432
441982
513275
728597
353476
245194
517712
1235899
1330446
1005645
1274628
342719
732953
217111
544414
1253671
263951
240707
881744
916708
546225
382417
743585
925782
681691
55619
1311408
1302206
974042
1150962
262685
822538
240712
617592
274235
241324
1274436
738952
560873
847308
679259
904603
569755
518804
969934
238634
371606
988205
245193
913377
707310
318904
1079652
876730
711572
199704
507374
573065
859133
371211
553100
1105266
238997
660041
711281
518802
689431
631508
742502
872090
518801
635927
904465
734155
1299944
1055358
366744
799742
816064
1134249
738951
556272
844795
737182
593405
1232068
627926
1055193
1039603
834876
1150961
507134
1203514
838828
844300
920971
717213
667994
981522
811084
508643
913361
262953
290768
339552
1091104
1341102
682847
308265
1176891
1317548
1176890
721818
863795
858584
712126
689435
1174262
1115476
367149
1344495
1235905
255642
692591
1370739
306668
1091105
356586
1139810
1266261
842564
343949
1055339
713000
235602
1332783
1175868
1267107
727209
667999
1245251
1134255
904578
943495
1066475
1267109
276255
869457
1430198
593478
1074351
537209
1180814
1443774
848947
667966
245346
64490
708663
1443785
667992
239291
1134252
1246533
1028119
1055313
1180811
926103
1091486
238952
1371032
913644
926806
352125
1322435
789533
353473
709481
908118
1036559
918020
292309
1110587
1174677
642295
1184401
467571
1327935
1337458
920577
1194144
1153106
1233132
1270327
1338486
182912
975918
491280
1134278
593395
1263250
823069
1258563
518828
1258564
1065548
244941
1097559
846437
858910
908108
1235904
312825
1233335
836467
712125
203755
182885
364239
1235902
848420
681726
902847
860299
929321
1256643
650001
842528
484572
234836
239127
1340455
1340454
864078
868656
857713
933020
1309589
1123784
805351
1102874
1416427
1105269
440323
1125067
1263910
1459802
518849
703639
375635
1092073
643992
536874
850874
520441
712124
238963
1097549
366783
556868
617083
855878
926537
790406
1406018
1263222
837173
234900
1428468
822539
731876
1264456
365362
1210076
1076082
558706
1274616
858917
800365
897600
1033958
549322
1203684
499511
800592
1060545
727252
1309132
1262530
665743
667972
727075
738953
1203850
820480
1210182
235116
1422476
1087382
366775
738071
176573
717216
617595
1336614
1210187
275262
1178984
863506
891953
1172375
1307857
1273576
1076078
1302320
902827
840930
882909
1002677
1004272
1307908
321629
539612
496570
1191484
683336
717214
240721
245202
836632
859901
203378
507358
1333330
1303960
846673
660039
1064714
1204741
77385
1183709
240714
461581
701611
823072
972603
1307015
1416877
1033957
1370977
1133028
902834
1262531
1204104
1267056
530999
231941
1230677
867271
840926
1043567
588635
720443
1440454
841119
990144
1188206
1258577
717223
902813
1269733
951671
1048594
691877
841118
841736
1203849
1410532
1459207
536879
519245
897139
885446
1338344
1338402
1338340
1297881
1203683
1338336
244921
1338946
1260898
799020
1133029
1338337
1203885
1293625
1256586
1338434
903847
902853
502657
234897
375626
625170
1260850
1338341
499513
736943
375629
262895
1268379
1338250
902800
1338253
1338805
1211423
1207194
689433
949538
925830
1207223
1211503
1338256
1261669
1229756
902833
1211424
1274437
902816
1274414
238120
1203860
733894
211632
859897
996378
1338252
1173700
1261753
1261675
1172369
857712
902848
1338251
